id,label,mfcc_m[0],mfcc_m[1],mfcc_m[2],mfcc_m[3],mfcc_m[4],mfcc_m[5],mfcc_m[6],mfcc_m[7],mfcc_m[8],mfcc_m[9],mfcc_m[10],mfcc_m[11],mfcc_m[12],mfcc_v[0],mfcc_v[1],mfcc_v[2],mfcc_v[3],mfcc_v[4],mfcc_v[5],mfcc_v[6],mfcc_v[7],mfcc_v[8],mfcc_v[9],mfcc_v[10],mfcc_v[11],mfcc_v[12]
398639,bad,-824.9939649489471,-20.984341223182252,-58.57511684180499,10.050062985907887,-78.39106787231745,-88.1585333697093,-0.1110620397332689,20.862510387745072,29.78271769671177,14.583000938190802,13.50709873088161,13.749070437197629,6.311399854084509bad-824.9939649489471-20.984341223182252-58.5751168418049910.050062985907887-78.39106787231745-88.1585333697093-0.111062039733268920.86251038774507229.7827176967117714.58300093819080213.5070987308816113.749070437197629
401736,bad,-954.990374591384,108.77153849146137,-19.800296188759777,11.465215087681152,-7.464981761606672,-16.587833165653894,-2.524936202789098,-14.180815655253978,-12.368641327988149,-2.4143575126555397,-1.7694454324244706,-7.341970682607598,-10.844697767794887bad-954.990374591384108.77153849146137-19.80029618875977711.465215087681152-7.464981761606672-16.587833165653894-2.524936202789098-14.180815655253978-12.368641327988149-2.4143575126555397-1.7694454324244706-7.341970682607598
401734,good,-835.4032396418073,81.12650660721161,18.942436453911103,23.857957785498733,5.633102854327978,11.248314240694818,-1.4318633058808903,-9.00724527920578,-3.6896080459905245,-1.3103570176398285,-3.9725976481223357,0.9115662655340082,-0.27293688044022096good-835.403239641807381.1265066072116118.94243645391110323.8579577854987335.63310285432797811.248314240694818-1.4318633058808903-9.00724527920578-3.6896080459905245-1.3103570176398285-3.97259764812233570.9115662655340082
411136,bad,-887.002045888131,68.77778003221316,1.62784704673843,34.02760872192156,31.86820602606599,-6.705532282865827,-21.191059775832954,0.7122151025358628,-3.7841152231927677,2.6013805530324148,-11.187225213850914,1.7456895600672593,-2.659360969715164bad-887.00204588813168.777780032213161.6278470467384334.0276087219215631.86820602606599-6.705532282865827-21.1910597758329540.7122151025358628-3.78411522319276772.6013805530324148-11.1872252138509141.7456895600672593
411449,good,-787.2480172745397,145.28284598543289,35.17030739812238,15.18811589083736,14.31374285569782,11.57044942967033,9.518935275862844,8.65974401939133,5.352787999200574,3.189260149750547,0.6558890957028585,-0.45458888823917454,-0.38639516857908884good-787.2480172745397145.2828459854328935.1703073981223815.1881158908373614.3137428556978211.570449429670339.5189352758628448.659744019391335.3527879992005743.1892601497505470.6558890957028585-0.45458888823917454
401982,good,-793.079099631729,-50.11344545688696,-33.81017972152205,5.969837085342773,12.79568449188789,20.507300692456397,12.144805064772324,-6.10603375386864,1.8488231974700509,9.017954687648652,1.0794529934987573,-6.43283018986085,-2.8953053175495933good-793.079099631729-50.11344545688696-33.810179721522055.96983708534277312.7956844918878920.50730069245639712.144805064772324-6.106033753868641.84882319747005099.0179546876486521.0794529934987573-6.43283018986085
403412,good,-1081.744761796998,5.378828930528741,-13.803758150091584,-6.990117456492843,-0.9229053514031917,9.907853918756912,-0.41632308494149434,11.606920178136305,8.21133950929333,0.8498981808753234,-1.0149472416062038,-6.847687436496593,1.4291417205091255good-1081.7447617969985.378828930528741-13.803758150091584-6.990117456492843-0.92290535140319179.907853918756912-0.4163230849414943411.6069201781363058.211339509293330.8498981808753234-1.0149472416062038-6.847687436496593
399075,good,-740.7291415506651,63.04550434210715,33.61930707577492,22.087152127638507,22.702327573181485,18.01668258722106,15.86048191527785,21.393345220761663,14.729447102667498,14.55392905034703,0.657406466370718,7.749372348039848,-0.8568787416591126good-740.729141550665163.0455043421071533.6193070757749222.08715212763850722.70232757318148518.0166825872210615.8604819152778521.39334522076166314.72944710266749814.553929050347030.6574064663707187.749372348039848
411613,bad,-829.0685021697175,135.4455574319063,-3.382078375739689,11.883029288750276,5.158498431737579,-4.9193788818971145,4.80285815141629,2.873482020457555,2.820534675115505,6.3624754202884946,-1.434001523776372,3.3639992511212973,-4.671637593490558bad-829.0685021697175135.4455574319063-3.38207837573968911.8830292887502765.158498431737579-4.91937888189711454.802858151416292.8734820204575552.8205346751155056.3624754202884946-1.4340015237763723.3639992511212973
411561,good,-842.5835554080143,66.80086685768484,23.956276572009195,20.6545151216697,3.8358606433593843,5.4264081448448485,1.5774857386781687,1.7598573750146815,0.26633533581782487,-0.7463894667159581,-2.397411908094396,-1.1701044767348423,-1.862787380898755good-842.583555408014366.8008668576848423.95627657200919520.65451512166973.83586064335938435.42640814484484851.57748573867816871.75985737501468150.26633533581782487-0.7463894667159581-2.397411908094396-1.1701044767348423
401997,good,-753.9201629388905,131.52651911717402,-2.5853284971181907,-8.477275161324348,3.43709977916062,10.085661696483418,9.952207609659945,10.130847393419495,5.311937903386981,2.2144746807509477,-3.1166943505049685,-0.45676998653780576,0.9398972214899957good-753.9201629388905131.52651911717402-2.5853284971181907-8.4772751613243483.4370997791606210.0856616964834189.95220760965994510.1308473934194955.3119379033869812.2144746807509477-3.1166943505049685-0.45676998653780576
411468,good,-1069.0750738608047,56.05809688578184,26.096844630718568,20.825290387869526,9.708102311306314,4.980753198349894,-2.0058393171749342,-6.610572256183508,-8.355156887410212,-3.865886906328479,-3.369846523237746,-0.7973242514435249,-0.2745327385451296good-1069.075073860804756.0580968857818426.09684463071856820.8252903878695269.7081023113063144.980753198349894-2.0058393171749342-6.610572256183508-8.355156887410212-3.865886906328479-3.369846523237746-0.7973242514435249
401827,good,-964.3395880324003,166.25505151119182,37.64446790991548,-6.571873245760626,14.246402461655933,20.327675263854307,10.114139216685945,8.138799698510072,13.247578208579725,9.435657703603205,5.6646096805342605,6.862266540669014,9.272671444882903good-964.3395880324003166.2550515111918237.64446790991548-6.57187324576062614.24640246165593320.32767526385430710.1141392166859458.13879969851007213.2475782085797259.4356577036032055.66460968053426056.862266540669014
415335,good,-712.5338267648316,277.0405988343248,-28.932656384680012,10.96066826088169,11.945063647688178,6.477387439341298,9.975704894684313,4.993616839474528,-12.308701990336347,-19.18283025398669,-1.8402456478123623,-1.4618205485937006,6.18509456961737good-712.5338267648316277.0405988343248-28.93265638468001210.9606682608816911.9450636476881786.4773874393412989.9757048946843134.993616839474528-12.308701990336347-19.18283025398669-1.8402456478123623-1.4618205485937006
401036,good,-823.8526827425717,109.5781477837529,-26.227221694285276,32.37203918745956,-15.526884645868224,8.426027812521122,-1.6274279251194514,-2.6590356851312307,-1.4159882319747006,-2.6176085747868956,-4.555516713380133,-4.018899647850786,-4.324375935469886good-823.8526827425717109.5781477837529-26.22722169428527632.37203918745956-15.5268846458682248.426027812521122-1.6274279251194514-2.6590356851312307-1.4159882319747006-2.6176085747868956-4.555516713380133-4.018899647850786
401723,good,-1053.1015958038354,105.55811995425593,73.79011235147148,44.87587310350179,29.600012303206174,25.058982360458256,24.318857175848002,22.97017820172269,21.405829345998754,20.02841794952847,17.893982317600898,13.8169920752409,8.963117859806433good-1053.1015958038354105.5581199542559373.7901123514714844.8758731035017929.60001230320617425.05898236045825624.31885717584800222.9701782017226921.40582934599875420.0284179495284717.89398231760089813.8169920752409
412173,bad,-762.6942979431018,192.65594385404802,12.418054809154928,13.247815296300502,8.768512797633345,2.0705988152035744,0.36409335906663665,6.717129561461785,2.5716338862698533,-1.0263148792615375,0.3241048751235344,0.4608222621161387,-2.1600402181071914bad-762.6942979431018192.6559438540480212.41805480915492813.2478152963005028.7685127976333452.07059881520357440.364093359066636656.7171295614617852.5716338862698533-1.02631487926153750.32410487512353440.4608222621161387
400617,good,-905.386380547395,132.34894265616742,48.35052533363939,46.70640160720153,21.791636641928662,20.246592781789012,15.653323217002345,13.289837033804492,9.234661007982506,8.065188791510547,5.9337067442142235,5.1613081375894945,3.6188757340478204good-905.386380547395132.3489426561674248.3505253336393946.7064016072015321.79163664192866220.24659278178901215.65332321700234513.2898370338044929.2346610079825068.0651887915105475.93370674421422355.1613081375894945
401322,bad,-500.16744167471626,20.613101368302985,-72.33959789289035,-26.903045349449535,-38.545536528393534,-22.132051780011547,-23.88767053976975,-13.852235515203471,-17.892011321287075,-2.979852578548285,-10.838993645151026,-6.225481377030935,-4.831883642306294bad-500.1674416747162620.613101368302985-72.33959789289035-26.903045349449535-38.545536528393534-22.132051780011547-23.88767053976975-13.852235515203471-17.892011321287075-2.979852578548285-10.838993645151026-6.225481377030935
411706,good,-1066.2169340298838,22.519210223327384,10.736932503141526,11.862705674147245,6.507751733348934,3.6540544849059042,0.6287133022554675,-0.6694952398790377,-1.8920069126861898,-1.8526672994263607,-1.6618371043530586,-1.0587286495111499,-0.7441010068704993good-1066.216934029883822.51921022332738410.73693250314152611.8627056741472456.5077517333489343.65405448490590420.6287133022554675-0.6694952398790377-1.8920069126861898-1.8526672994263607-1.6618371043530586-1.0587286495111499
401136,good,-1088.5544714594862,38.954980806641856,26.61138764198072,19.082529119615838,3.7331225299450685,-2.891547824125065,-9.750680477064712,-19.064921884458986,-19.338028003432832,-18.52493314011574,-13.42867666513737,4.199243387835789,15.41959633903492good-1088.554471459486238.95498080664185626.6113876419807219.0825291196158383.7331225299450685-2.891547824125065-9.750680477064712-19.064921884458986-19.338028003432832-18.52493314011574-13.428676665137374.199243387835789
401908,good,-772.6156789300701,126.33380534317554,10.455969801012463,13.46664171748446,-4.57481657362367,-0.4984960488138828,-4.942079837944743,-0.6536031095853889,-0.9234490542081565,0.23743501570936673,1.4061776453272616,5.705930246944281,0.9051178980381822good-772.6156789300701126.3338053431755410.45596980101246313.46664171748446-4.57481657362367-0.4984960488138828-4.942079837944743-0.6536031095853889-0.92344905420815650.237435015709366731.40617764532726165.705930246944281
415513,bad,-1022.9066409966916,77.16488892949745,33.10949085124539,13.301311084913571,13.112630303399284,4.344948243357871,5.502627010831035,4.443126586216347,-0.4712735566240698,0.7929687198676397,1.2015325881208094,-0.27963031723722304,1.3917327298830284bad-1022.906640996691677.1648889294974533.1094908512453913.30131108491357113.1126303033992844.3449482433578715.5026270108310354.443126586216347-0.47127355662406980.79296871986763971.2015325881208094-0.27963031723722304
411614,bad,-1027.2139784883614,12.101480091389927,13.287106825363889,14.91946007922039,7.257303641384371,-0.40013529105948936,-4.33843854976728,-6.782733512030561,-9.543518768883507,-9.750061690337647,-10.27404929782938,-7.651453617690723,-5.901957289210979bad-1027.213978488361412.10148009138992713.28710682536388914.919460079220397.257303641384371-0.40013529105948936-4.33843854976728-6.782733512030561-9.543518768883507-9.750061690337647-10.27404929782938-7.651453617690723
411927,bad,-809.8425650672575,102.14778426983369,-99.41995253529169,-43.14034763694737,-48.28016556690907,-37.747520110775014,-43.802656082402336,-16.462646338003463,-24.336692197364243,-11.514003063822107,17.898466935357305,14.354940396639192,31.13518711231719bad-809.8425650672575102.14778426983369-99.41995253529169-43.14034763694737-48.28016556690907-37.747520110775014-43.802656082402336-16.462646338003463-24.336692197364243-11.51400306382210717.89846693535730514.354940396639192
412195,bad,-594.2144202803896,143.6168911890448,44.455778003051364,15.496138602137197,12.396172751600963,5.904755385409711,7.687067151238315,0.705628942549945,1.7862827852952587,-5.403911337444032,-1.9674573050062687,-6.221109859500772,-5.090692551206737bad-594.2144202803896143.616891189044844.45577800305136415.49613860213719712.3961727516009635.9047553854097117.6870671512383150.7056289425499451.7862827852952587-5.403911337444032-1.9674573050062687-6.221109859500772
402104,good,-721.6993700927596,141.05296508725377,-21.841112389131546,-13.932306617905295,-23.57104554580336,-24.97634491831991,-17.873202034691772,-16.934506858754947,-15.846588036820634,-0.9877063080412765,-8.893893184573097,-10.64706513314989,-8.47112631791082good-721.6993700927596141.05296508725377-21.841112389131546-13.932306617905295-23.57104554580336-24.97634491831991-17.873202034691772-16.934506858754947-15.846588036820634-0.9877063080412765-8.893893184573097-10.64706513314989
400631,bad,-801.1112414577862,135.42755962812845,6.369444030743961,55.251838149859175,43.39468162203821,-19.417301221412927,11.711296339777796,10.553208654560438,12.55178636507918,13.716752640533077,4.695702264752278,-9.747168675606849,-0.5645398833677713bad-801.1112414577862135.427559628128456.36944403074396155.25183814985917543.39468162203821-19.41730122141292711.71129633977779610.55320865456043812.5517863650791813.7167526405330774.695702264752278-9.747168675606849
411103,good,-803.4426520389964,178.9936588189484,-8.716881888977287,18.98541159886403,-0.6142978159113751,16.89457340251652,6.556622624410528,3.5373250790283843,8.852652802106723,8.6948036538596,2.0498077859144974,3.5634625547176992,0.757802362877282good-803.4426520389964178.9936588189484-8.71688188897728718.98541159886403-0.614297815911375116.894573402516526.5566226244105283.53732507902838438.8526528021067238.69480365385962.04980778591449743.5634625547176992
411445,bad,-628.1194829729802,109.82386412319832,-45.13328063091931,-8.659696253136666,-18.159042721773616,-7.022597963047322,-4.5914007701352455,2.345742199541928,-9.031924148552216,-21.2044160245411,-36.24646805494938,-38.33065878387604,-34.27419711739665bad-628.1194829729802109.82386412319832-45.13328063091931-8.659696253136666-18.159042721773616-7.022597963047322-4.59140077013524552.345742199541928-9.031924148552216-21.2044160245411-36.24646805494938-38.33065878387604
411513,good,-904.3065110382834,146.9604464195596,8.139115502310156,26.567814019204135,22.207601700823126,7.042070978022088,9.850490295800396,12.754029569483132,5.406640528561856,6.72711487541289,4.8702048911299824,0.060685098762930156,-0.6832620203052912good-904.3065110382834146.96044641955968.13911550231015626.56781401920413522.2076017008231267.0420709780220889.85049029580039612.7540295694831325.4066405285618566.727114875412894.87020489112998240.060685098762930156
401182,good,-974.262530960802,66.59112131264658,0.6981640998302694,-0.47485999426923214,8.61750552811909,15.507549017355666,6.3071098971311885,4.107383795892647,-2.857098141333866,4.484003602135104,2.3108105395079215,11.424788627821048,0.23210142219990704good-974.26253096080266.591121312646580.6981640998302694-0.474859994269232148.6175055281190915.5075490173556666.30710989713118854.107383795892647-2.8570981413338664.4840036021351042.310810539507921511.424788627821048
412053,bad,-878.2418263621436,196.12194370180902,17.327645333522256,0.9463801390499292,0.6924295169770769,9.336950539783919,4.167002198210837,0.48315522151951285,-0.04856220829757468,0.6906902458265606,3.3603435832148993,3.5353599420237973,6.397016399939083bad-878.2418263621436196.1219437018090217.3276453335222560.94638013904992920.69242951697707699.3369505397839194.1670021982108370.48315522151951285-0.048562208297574680.69069024582656063.36034358321489933.5353599420237973
415362,bad,-1024.6767466246451,75.8835710204653,13.29380137133102,-4.7771616371567145,-6.606611165888917,-27.847779948257593,-18.76525876766996,-14.086878334281234,-31.846010510104513,-15.690815575709161,-17.79606816325265,-5.765875496658263,-15.9493794712013bad-1024.676746624645175.883571020465313.29380137133102-4.7771616371567145-6.606611165888917-27.847779948257593-18.76525876766996-14.086878334281234-31.846010510104513-15.690815575709161-17.79606816325265-5.765875496658263
415494,good,-974.7182628726355,73.01233407337688,-4.354645980250666,-9.759874359582648,-11.754051932530865,-6.3565517886509495,-4.163221757445811,4.184820290123166,8.640452146106911,9.69866366494271,8.376953495604399,5.93518325208951,3.859437235706281good-974.718262872635573.01233407337688-4.354645980250666-9.759874359582648-11.754051932530865-6.3565517886509495-4.1632217574458114.1848202901231668.6404521461069119.698663664942718.3769534956043995.93518325208951
414954,bad,-954.4124562610639,95.61633496096388,35.658894728053184,18.795437856127013,9.39229296090133,4.751619027367443,-0.1485373181009513,3.332371509745333,7.279778629454157,-0.4711779839440062,-3.1856784706866,3.518290983650428,2.347719451474564bad-954.412456261063995.6163349609638835.65889472805318418.7954378561270139.392292960901334.751619027367443-0.14853731810095133.3323715097453337.279778629454157-0.4711779839440062-3.18567847068663.518290983650428
401972,good,-1065.5689413270788,93.25039297177905,69.94444447607637,45.831302844408846,30.512960936210572,25.398747491842386,25.87153274915916,26.771072063600727,25.637186842383702,22.407492653354716,17.75505415905566,12.359545374410587,7.262700576488222good-1065.568941327078893.2503929717790569.9444444760763745.83130284440884630.51296093621057225.39874749184238625.8715327491591626.77107206360072725.63718684238370222.40749265335471617.7550541590556612.359545374410587
401760,bad,-735.0676008363265,241.0890594304633,18.34509138343186,-10.844791972721868,-5.929105311164097,2.211339649608337,-1.510654310377551,0.7905839651360252,-10.9019292037479,-13.04054923519326,-3.714609637569173,4.107266752210499,2.7389078374309843bad-735.0676008363265241.089059430463318.34509138343186-10.844791972721868-5.9291053111640972.211339649608337-1.5106543103775510.7905839651360252-10.9019292037479-13.04054923519326-3.7146096375691734.107266752210499
399612,bad,-880.9804066760794,147.53918829729201,19.993730044939124,18.349585731762073,12.311318680151361,20.041443975857074,18.824558408741748,14.081735010321571,11.1168279234902,6.152381728114114,3.8078954364124122,1.85833769463182,1.6144079803062759bad-880.9804066760794147.5391882972920119.99373004493912418.34958573176207312.31131868015136120.04144397585707418.82455840874174814.08173501032157111.11682792349026.1523817281141143.80789543641241221.85833769463182
402028,good,-778.962556946937,152.4319111048274,7.439790528645774,25.762706603679412,10.021496681860175,16.191900927434908,8.16403185189546,8.250345738173772,3.326051304358049,5.768023925980553,4.501868786027691,1.7495088123230889,2.908321605756037good-778.962556946937152.43191110482747.43979052864577425.76270660367941210.02149668186017516.1919009274349088.164031851895468.2503457381737723.3260513043580495.7680239259805534.5018687860276911.7495088123230889
398841,bad,-658.4750337584021,74.12652715560029,-34.08401059785409,-10.46960692509547,-20.69740724199059,-16.174512491086684,-19.743476455323087,-10.950787274580774,-11.110375201326107,-7.255443949382653,-7.821633327971811,-1.8666088574640756,-0.39531346472123025bad-658.475033758402174.12652715560029-34.08401059785409-10.46960692509547-20.69740724199059-16.174512491086684-19.743476455323087-10.950787274580774-11.110375201326107-7.255443949382653-7.821633327971811-1.8666088574640756
399900,bad,-785.2909756559558,162.03162203164632,10.806584933188343,22.401220839464543,1.3667872729673987,22.07264976305197,18.42363530111579,20.643257282844672,10.401403110708786,8.27883651069331,4.674549067731805,7.31451354451703,6.739313291479208bad-785.2909756559558162.0316220316463210.80658493318834322.4012208394645431.366787272967398722.0726497630519718.4236353011157920.64325728284467210.4014031107087868.278836510693314.6745490677318057.31451354451703
411744,good,-935.8027760513777,208.52557350358944,54.90780707988255,-44.26276661912581,-57.901034341324234,-34.70727234462332,-15.204241767278775,-11.317528495156042,-19.65159561961416,-25.953461389894297,-18.40334140269763,-1.103774387984269,13.025642147018852good-935.8027760513777208.5255735035894454.90780707988255-44.26276661912581-57.901034341324234-34.70727234462332-15.204241767278775-11.317528495156042-19.65159561961416-25.953461389894297-18.40334140269763-1.103774387984269
411195,good,-1087.5389255384912,9.038334117575296,-3.918115772925855,11.262538277528398,8.75466217789897,6.196100670159457,4.046846370951886,6.321422119412999,2.9033370169642962,3.7599429272100466,2.1714724159058005,3.4454455628026617,5.493742654760463good-1087.53892553849129.038334117575296-3.91811577292585511.2625382775283988.754662177898976.1961006701594574.0468463709518866.3214221194129992.90333701696429623.75994292721004662.17147241590580053.4454455628026617
411182,good,-842.1239186425975,166.81420754363657,30.62077516797166,10.37088575928431,-10.726850907179127,12.771666678472746,15.982703437923558,17.133739003482997,5.482174557082565,3.6937382254400086,4.818274317399978,2.452929325264221,3.0276249781419495good-842.1239186425975166.8142075436365730.6207751679716610.37088575928431-10.72685090717912712.77166667847274615.98270343792355817.1337390034829975.4821745570825653.69373822544000864.8182743173999782.452929325264221
411529,good,-1014.0626446120093,115.4222728766568,23.163217543380462,-4.375131700562933,0.11569833616576604,-4.383682425886007,-6.49649561414774,-2.2922960748640273,-2.1908218807679196,-2.551979843039874,0.047525949155427454,0.5451312653144565,-1.1125015774123441good-1014.0626446120093115.422272876656823.163217543380462-4.3751317005629330.11569833616576604-4.383682425886007-6.49649561414774-2.2922960748640273-2.1908218807679196-2.5519798430398740.0475259491554274540.5451312653144565
411512,good,-912.5645663934656,139.47101106989516,16.14683362145053,23.66618640838066,18.701872861901744,13.713752161422969,8.863273377100558,11.058381618252923,3.665275508164729,3.861714441461282,3.442444085429906,2.2648981458698327,2.779346024063853good-912.5645663934656139.4710110698951616.1468336214505323.6661864083806618.70187286190174413.7137521614229698.86327337710055811.0583816182529233.6652755081647293.8617144414612823.4424440854299062.2648981458698327
401719,good,-671.0108207153592,178.18772775271836,12.600525435313454,-14.735441808659441,25.780371598048546,17.67693016668221,3.121960355832396,-0.31033857028999734,-1.481360435452205,-0.9439392218913731,-2.115993394625505,-2.370753650583421,-3.4811105180409063good-671.0108207153592178.1877277527183612.600525435313454-14.73544180865944125.78037159804854617.676930166682213.121960355832396-0.31033857028999734-1.481360435452205-0.9439392218913731-2.115993394625505-2.370753650583421
401570,good,-762.3863824887285,144.36783631799756,4.116932335582662,4.752731915244449,-6.170369915870486,-0.13378164661188777,-7.625274492230571,-8.809415712802362,-11.781336335100692,-12.19684074138556,-13.33556460148592,-12.260318218105606,-12.190525311992587good-762.3863824887285144.367836317997564.1169323355826624.752731915244449-6.170369915870486-0.13378164661188777-7.625274492230571-8.809415712802362-11.781336335100692-12.19684074138556-13.33556460148592-12.260318218105606
399905,bad,-639.520235489295,150.6315682956714,3.394379473811485,28.4255204268735,0.06903747547087906,1.2002639354061324,2.3061997910210894,8.836594492323712,1.1261241932260377,13.080857846965328,1.244556421011303,-2.3861227038191286,-6.621323624067916bad-639.520235489295150.63156829567143.39437947381148528.42552042687350.069037475470879061.20026393540613242.30619979102108948.8365944923237121.126124193226037713.0808578469653281.244556421011303-2.3861227038191286
402132,bad,-979.1948580178042,91.08293135817225,18.14573342669995,41.77483740259614,31.004830435341656,12.196077234538464,7.553549766143189,8.702201401833557,-0.5439081952951411,12.337046974154257,8.503235232059517,3.348722242097979,8.123294710566967bad-979.194858017804291.0829313581722518.1457334266999541.7748374025961431.00483043534165612.1960772345384647.5535497661431898.702201401833557-0.543908195295141112.3370469741542578.5032352320595173.348722242097979
401075,good,-613.3448659634048,12.164505488810628,5.664257425074143,17.58723356273918,8.288413788532937,3.508689021292056,11.640629918897362,8.699312509164917,-2.386490283443646,5.61943427700127,9.559140232656732,0.19837275444708627,11.152768356018562good-613.344865963404812.1645054888106285.66425742507414317.587233562739188.2884137885329373.50868902129205611.6406299188973628.699312509164917-2.3864902834436465.619434277001279.5591402326567320.19837275444708627
401296,good,-1074.2458809757363,76.66377912265618,57.53656683439092,41.75896260977068,28.215929512775595,17.853886317774705,9.994434351095935,4.52106871717928,0.8240086526140065,-2.085847568836671,-4.057890378249791,-5.086047430003981,-5.374097312780641good-1074.245880975736376.6637791226561857.5365668343909241.7589626097706828.21592951277559517.8538863177747059.9944343510959354.521068717179280.8240086526140065-2.085847568836671-4.057890378249791-5.086047430003981
399684,good,-902.9770858865335,201.43893826604943,72.3483903408985,44.69762278210594,29.64664272297857,20.3305563887853,18.943826859813427,15.446632126229634,11.056394822539119,8.872239580304978,6.957454485715319,6.198068513371643,4.4002525552669205good-902.9770858865335201.4389382660494372.348390340898544.6976227821059429.6466427229785720.330556388785318.94382685981342715.44663212622963411.0563948225391198.8722395803049786.9574544857153196.198068513371643
415226,bad,-659.405666863296,97.35831724463425,22.11756694444293,38.44138309536636,9.662172032751261,7.8044717150922285,9.749663994915771,3.1022939140318924,-5.73916659808843,5.764443356574796,1.2785960196673862,4.294566238372227,0.7949924026742756bad-659.40566686329697.3583172446342522.1175669444429338.441383095366369.6621720327512617.80447171509222859.7496639949157713.1022939140318924-5.739166598088435.7644433565747961.27859601966738624.294566238372227
401637,bad,-867.0279388391215,124.06479178343601,-16.88595105963493,6.062783835678112,-6.277920231782257,-7.383556310467957,-8.315489510481562,-3.862955134703779,-1.1825645713076498,3.6797795786610075,1.5954765105567954,2.42626679670339,-0.2710961134182224bad-867.0279388391215124.06479178343601-16.885951059634936.062783835678112-6.277920231782257-7.383556310467957-8.315489510481562-3.862955134703779-1.18256457130764983.67977957866100751.59547651055679542.42626679670339
400895,bad,-680.1650044692269,196.79626582791332,-9.999574595701205,21.06722093726749,3.922262128369053,9.037525394382111,1.6620883298439113,5.839299105363161,1.813992311400054,0.10607801822517127,-4.380779107030799,-4.4459521700697415,-5.357953639278086bad-680.1650044692269196.79626582791332-9.99957459570120521.067220937267493.9222621283690539.0375253943821111.66208832984391135.8392991053631611.8139923114000540.10607801822517127-4.380779107030799-4.4459521700697415
399087,good,-835.8268807569203,109.93195019845996,9.673572071093437,29.481598294187233,16.414592680638734,10.368672903675426,9.72747595344639,9.396137897523417,6.545011815050375,6.051122482132198,4.951975421469935,4.508479318197061,3.319163650155794good-835.8268807569203109.931950198459969.67357207109343729.48159829418723316.41459268063873410.3686729036754269.727475953446399.3961378975234176.5450118150503756.0511224821321984.9519754214699354.508479318197061
401812,bad,-682.8695060609817,2.664746060040324,46.45307444892452,27.248664807871762,8.183291136189991,-2.1737663909494547,-0.3082486662649532,-1.7302744055522616,-4.0837222699004245,1.9591102756154248,-1.7617673368621471,2.5076548525541287,0.5308338704235732bad-682.86950606098172.66474606004032446.4530744489245227.2486648078717628.183291136189991-2.1737663909494547-0.3082486662649532-1.7302744055522616-4.08372226990042451.9591102756154248-1.76176733686214712.5076548525541287
411777,good,-761.9952581543632,128.69064090682753,15.478847035594953,62.04067551931548,-22.940707900481648,5.630031649342733,-5.752427044334942,-5.191620319148968,15.015773973971621,11.100715375670724,3.7106737230443874,2.2808346108958357,-1.8232261261948215good-761.9952581543632128.6906409068275315.47884703559495362.04067551931548-22.9407079004816485.630031649342733-5.752427044334942-5.19162031914896815.01577397397162111.1007153756707243.71067372304438742.2808346108958357
399189,bad,-789.8769067014554,115.66449883320045,8.096459896046806,30.79596001071791,4.893611671176521,3.0889599622276047,-3.3398621248341,-2.385001510167032,-3.3246199786035904,-2.7965322026050865,-2.278513292343598,2.199863666792378,0.1458054516075992bad-789.8769067014554115.664498833200458.09645989604680630.795960010717914.8936116711765213.0889599622276047-3.3398621248341-2.385001510167032-3.3246199786035904-2.7965322026050865-2.2785132923435982.199863666792378
415342,bad,-965.3098376518296,111.67022705194077,-28.352620307467262,-30.957090774474075,-22.97207727111082,-7.492776367043135,2.57933345410499,-17.730100492281238,-14.98889620390073,-8.575380118234769,-6.84625146403537,-8.897016871835206,-10.782230193361656bad-965.3098376518296111.67022705194077-28.352620307467262-30.957090774474075-22.97207727111082-7.4927763670431352.57933345410499-17.730100492281238-14.98889620390073-8.575380118234769-6.84625146403537-8.897016871835206
401765,good,-640.1041885933347,58.66817544395182,-33.0956436566322,-0.7198394091731892,-18.003903097030918,30.897260025033745,-9.647586639078602,9.677793660559338,2.4515553543927298,2.570923152045718,3.212223708119878,-3.7047888695827447,0.19962898274132787good-640.104188593334758.66817544395182-33.0956436566322-0.7198394091731892-18.00390309703091830.897260025033745-9.6475866390786029.6777936605593382.45155535439272982.5709231520457183.212223708119878-3.7047888695827447
399743,good,-894.0035903575631,45.99146867087982,-58.94677346293822,-7.70844051580144,1.8212042904577697,-0.5884655302067611,-7.941671381231494,-5.711885090026788,2.2252177848837893,2.256401051642962,-4.522844498175976,1.481012349435075,6.906239597807642good-894.003590357563145.99146867087982-58.94677346293822-7.708440515801441.8212042904577697-0.5884655302067611-7.941671381231494-5.7118850900267882.22521778488378932.256401051642962-4.5228444981759761.481012349435075
401579,good,-837.1340127445768,126.65746805339428,-8.112764186847004,-14.372733507573464,-17.16685383077606,-3.5382841060611465,-10.213330781520664,-12.819367014067147,-14.20208585603273,-15.210753851364068,-14.524800737687123,-13.932632229266403,-12.17243929634113good-837.1340127445768126.65746805339428-8.112764186847004-14.372733507573464-17.16685383077606-3.5382841060611465-10.213330781520664-12.819367014067147-14.20208585603273-15.210753851364068-14.524800737687123-13.932632229266403
411932,good,-922.1723521390305,206.75027543241112,53.71472029830033,10.21856857704387,25.35259546122675,22.404055395187793,13.318901953795976,10.021182193575736,4.720682804105289,1.2369792329794596,3.641322134183719,4.351598696554918,0.48558328000051354good-922.1723521390305206.7502754324111253.7147202983003310.2185685770438725.3525954612267522.40405539518779313.31890195379597610.0211821935757364.7206828041052891.23697923297945963.6413221341837194.351598696554918
401644,good,-602.1290615122599,153.6372015265773,9.101339356559324,10.884831368719949,-11.392926195507776,-5.990888310001099,-3.1811236173672066,-8.886702448382833,5.375289498124875,-0.16880832017894884,-2.9082083706771558,2.762407599880896,-1.6680915634873816good-602.1290615122599153.63720152657739.10133935655932410.884831368719949-11.392926195507776-5.990888310001099-3.1811236173672066-8.8867024483828335.375289498124875-0.16880832017894884-2.90820837067715582.762407599880896
411795,good,-753.764962758291,130.44096040842442,18.177134283055885,21.93607324390156,3.352418206271813,7.3601556443005,0.5752998019996423,1.293225524550304,-2.8311873243907315,-4.484165510759085,-3.7819201503996807,-3.690127042130835,-6.0724093810554916good-753.764962758291130.4409604084244218.17713428305588521.936073243901563.3524182062718137.36015564430050.57529980199964231.293225524550304-2.8311873243907315-4.484165510759085-3.7819201503996807-3.690127042130835
401215,bad,-780.3266287995709,219.8363329888355,16.589402454997636,52.46005375929077,30.179947391109888,13.787119160401003,15.648573572327864,9.105905633733217,8.208021302359484,9.187138582750444,3.516385283098136,5.9690951362134195,6.639665834761675bad-780.3266287995709219.836332988835516.58940245499763652.4600537592907730.17994739110988813.78711916040100315.6485735723278649.1059056337332178.2080213023594849.1871385827504443.5163852830981365.9690951362134195
399249,bad,-728.0012357974124,155.02141129176604,6.4233647983392475,38.83173487479404,2.7348530646795086,-1.2329922435376772,7.1936896279043445,2.5751917751100115,0.8133045696617721,-0.3998917401967107,-12.592657922672371,-2.9420615908312895,-4.205270070275175bad-728.0012357974124155.021411291766046.423364798339247538.831734874794042.7348530646795086-1.23299224353767727.19368962790434452.57519177511001150.8133045696617721-0.3998917401967107-12.592657922672371-2.9420615908312895
411541,bad,-796.9802613534034,91.36714116213157,-74.4545382301408,49.77373489661784,-65.26567267541938,-22.857724529634176,-9.892062415458893,-31.874280028748025,-12.770122323979262,-6.016767330091124,-24.541365732030183,-14.110971968677879,-13.429246399320462bad-796.980261353403491.36714116213157-74.454538230140849.77373489661784-65.26567267541938-22.857724529634176-9.892062415458893-31.874280028748025-12.770122323979262-6.016767330091124-24.541365732030183-14.110971968677879
401695,good,-928.4458899058703,-29.870289524211753,-5.64442366136126,-2.544024462053466,-24.44293191110807,-28.743172141057812,-44.676008816482465,-39.78748844981379,-25.253935411057945,8.293304771501893,38.42936699692237,38.527810496113204,12.590972835072536good-928.4458899058703-29.870289524211753-5.64442366136126-2.544024462053466-24.44293191110807-28.743172141057812-44.676008816482465-39.78748844981379-25.2539354110579458.29330477150189338.4293669969223738.527810496113204
402110,bad,-670.919589136187,79.34369842305979,-23.136418536662894,-27.703343446373875,-48.01708496774927,-22.01457814789876,-20.087089244723305,-14.239775474746494,-9.89596142768131,-3.762682102619046,-1.329744160087605,-0.8081237173249418,-3.4396814096144666bad-670.91958913618779.34369842305979-23.136418536662894-27.703343446373875-48.01708496774927-22.01457814789876-20.087089244723305-14.239775474746494-9.89596142768131-3.762682102619046-1.329744160087605-0.8081237173249418
396774,bad,-737.8004303658942,61.60845911251897,-71.28967340418687,-32.59794945204079,-40.16528279379176,-13.299565030902249,-13.367447613778607,10.492635306386774,0.9144790209379151,10.881146047633816,24.91898354601182,27.430065440959137,22.522130998196406bad-737.800430365894261.60845911251897-71.28967340418687-32.59794945204079-40.16528279379176-13.299565030902249-13.36744761377860710.4926353063867740.914479020937915110.88114604763381624.9189835460118227.430065440959137
399556,good,-829.5781210609997,27.30830918682272,23.57896654736096,-3.8493850740574445,-16.473389322434215,20.76838145458544,-6.922007043093888,-3.9787636598155776,7.885147129706916,0.1823582140383901,13.690165627289112,-5.147555101095348,10.320723604274875good-829.578121060999727.3083091868227223.57896654736096-3.8493850740574445-16.47338932243421520.76838145458544-6.922007043093888-3.97876365981557767.8851471297069160.182358214038390113.690165627289112-5.147555101095348
411467,good,-1116.5832264906599,-6.785684829331416,5.327208379049384,9.351827520860924,3.1766624667706416,4.2291439689256904,3.7198737034567895,5.023768247683899,2.9005831109439106,4.7474448587915425,3.0124207382011425,3.031829165359248,2.206579684029406good-1116.5832264906599-6.7856848293314165.3272083790493849.3518275208609243.17666246677064164.22914396892569043.71987370345678955.0237682476838992.90058311094391064.74744485879154253.01242073820114253.031829165359248
402147,good,-920.4635172136651,58.13417994417817,-19.82627269294017,6.810845458002726,0.908346980220852,1.3579250233578333,-2.9526133387824536,-1.3050628991362407,-2.46062531594973,3.0572860415274055,1.7713140231563076,4.6536458574169615,4.474826756214546good-920.463517213665158.13417994417817-19.826272692940176.8108454580027260.9083469802208521.3579250233578333-2.9526133387824536-1.3050628991362407-2.460625315949733.05728604152740551.77131402315630764.6536458574169615
401830,good,-712.2455065757124,129.86345918812154,24.964248225604507,24.899855033396474,10.917687587032104,11.533316813647952,5.378583457571303,4.4052328168303765,2.5682128119819896,2.400672252569491,-1.988551757033834,-3.089096977097667,-5.08698167323719good-712.2455065757124129.8634591881215424.96424822560450724.89985503339647410.91768758703210411.5333168136479525.3785834575713034.40523281683037652.56821281198198962.400672252569491-1.988551757033834-3.089096977097667
396904,bad,-694.9575838052854,115.71032044759818,37.46030022156,29.0551709672348,18.91021560893181,20.28823351093871,8.47754840507541,10.357791329638415,5.887895157592786,7.689714729778073,2.222278085516305,6.220473705830338,5.4988846134068305bad-694.9575838052854115.7103204475981837.4603002215629.055170967234818.9102156089318120.288233510938718.4775484050754110.3577913296384155.8878951575927867.6897147297780732.2222780855163056.220473705830338
404116,bad,-757.1472049374211,190.2618389412126,42.856322910982236,24.265742738636167,23.546738469192597,28.588254477213194,22.023360450888934,27.415275805010616,16.158230563948226,10.149040372064691,-5.713445518042173,-14.968779753710368,-20.24361580929383bad-757.1472049374211190.261838941212642.85632291098223624.26574273863616723.54673846919259728.58825447721319422.02336045088893427.41527580501061616.15823056394822610.149040372064691-5.713445518042173-14.968779753710368
411192,good,-1095.6340420032454,23.441610073518,7.658357563619294,10.612994132227163,12.814669480549439,16.395405797376814,12.63562956317407,5.390151979868734,-0.025002645160531852,4.39085571279069,7.0553836387851625,8.885855054687298,4.057948892051669good-1095.634042003245423.4416100735187.65835756361929410.61299413222716312.81466948054943916.39540579737681412.635629563174075.390151979868734-0.0250026451605318524.390855712790697.05538363878516258.885855054687298
401134,good,-937.8367077868826,-5.278013107804213,-11.633574794331663,10.461333280525128,9.228262050047096,-0.34133703925089165,10.669214842548689,3.6074539952598568,4.291737694125392,5.414803010206464,1.9172815817026845,-1.917759806986782,-7.13195307313783good-937.8367077868826-5.278013107804213-11.63357479433166310.4613332805251289.228262050047096-0.3413370392508916510.6692148425486893.60745399525985684.2917376941253925.4148030102064641.9172815817026845-1.917759806986782
415331,bad,-608.0685568043876,131.64094081637586,60.14206746651893,32.236013875086236,8.425443601135763,20.12567451060432,13.7906660481097,-6.493153423006693,-5.473845240474483,-16.242370574501066,-13.280854264687283,13.994329814365612,-1.688786931287742bad-608.0685568043876131.6409408163758660.1420674665189332.2360138750862368.42544360113576320.1256745106043213.7906660481097-6.493153423006693-5.473845240474483-16.242370574501066-13.28085426468728313.994329814365612
396591,good,-756.9486963807166,18.42463955993881,-80.26250454788104,23.8884076426943,-35.29605430153224,-14.307967230646431,15.10858697843635,-16.887365090151587,3.65866848496961,5.650250000352516,-28.212072861602188,-4.696924113988892,24.419039721447145good-756.948696380716618.42463955993881-80.2625045478810423.8884076426943-35.29605430153224-14.30796723064643115.10858697843635-16.8873650901515873.658668484969615.650250000352516-28.212072861602188-4.696924113988892
402163,good,-1025.5190590412199,69.0433386194817,23.603225166495353,22.893539872686425,11.985484119271973,14.24420963070294,11.042887500292649,10.529588655862774,6.398778523647735,6.723571465363457,2.9042424587091835,5.8304322779245865,3.9604367702241543good-1025.519059041219969.043338619481723.60322516649535322.89353987268642511.98548411927197314.2442096307029411.04288750029264910.5295886558627746.3987785236477356.7235714653634572.90424245870918355.8304322779245865
401615,good,-1045.7741735535471,-9.927492619703733,-34.75702590175341,17.699592177865576,-7.133386256145459,4.495893768051304,-3.4840334793579344,3.1943359024121105,2.6022854186995215,-0.10174364473399251,-1.0360929392658798,-2.148152296179051,2.1436031053491367good-1045.7741735535471-9.927492619703733-34.7570259017534117.699592177865576-7.1333862561454594.495893768051304-3.48403347935793443.19433590241211052.6022854186995215-0.10174364473399251-1.0360929392658798-2.148152296179051
411137,good,-806.9330941610514,148.01970319080291,-2.8430476940036784,21.200439870786948,6.438803043901993,9.101554159024989,-5.839953612773489,9.988273937959057,1.9028785224721083,2.5613599262718556,2.694332850223469,-0.06401733227472779,-4.095197619699762good-806.9330941610514148.01970319080291-2.843047694003678421.2004398707869486.4388030439019939.101554159024989-5.8399536127734899.9882739379590571.90287852247210832.56135992627185562.694332850223469-0.06401733227472779
399598,good,-1110.8659528660876,19.4168057129173,19.15929601526315,13.617229161606442,9.013328843297266,10.28677692751197,8.332731520743215,8.27048103021874,7.291758267596196,4.886593377024885,4.197319744074939,3.067365222041006,2.528478032862234good-1110.865952866087619.416805712917319.1592960152631513.6172291616064429.01332884329726610.286776927511978.3327315207432158.270481030218747.2917582675961964.8865933770248854.1973197440749393.067365222041006
412132,good,-1068.1469966600744,93.78187407249548,80.10223628451398,64.5321450409661,51.09855359639681,40.35360777151673,31.47094922658028,23.852968406661564,17.19006654048271,11.278432651528266,6.1320898351554565,1.9928667191794434,-0.8946771036050071good-1068.146996660074493.7818740724954880.1022362845139864.532145040966151.0985535963968140.3536077715167331.4709492265802823.85296840666156417.1900665404827111.2784326515282666.13208983515545651.9928667191794434
401562,good,-797.5765679942336,154.75643994901415,-1.2257109803193982,0.0039185842982618155,-7.307843182953591,-4.981280698429171,-10.69495966234245,-11.887754684059066,-12.191480231833625,-12.107463199588128,-11.862872625466064,-11.590522970601706,-11.287259467101615good-797.5765679942336154.75643994901415-1.22571098031939820.0039185842982618155-7.307843182953591-4.981280698429171-10.69495966234245-11.887754684059066-12.191480231833625-12.107463199588128-11.862872625466064-11.590522970601706
415146,good,-1029.4987438185863,-43.040478128695725,-10.204153881830495,33.165765896111445,-14.295584845430668,-4.7349932417362455,26.567602995531068,-6.709879954553081,-0.21237112190075358,3.816802050864689,8.538562220985696,-4.596626215517008,11.812422059606401good-1029.4987438185863-43.040478128695725-10.20415388183049533.165765896111445-14.295584845430668-4.734993241736245526.567602995531068-6.709879954553081-0.212371121900753583.8168020508646898.538562220985696-4.596626215517008
415170,good,-891.0222701454253,288.13260560159415,152.04033841359336,22.700261845169848,-45.989344091662694,-46.6621655268503,-9.084150038402205,27.201249760089258,38.453530407589845,26.642287032305333,8.208410361273113,-1.87653681611933,0.06719984673441963good-891.0222701454253288.13260560159415152.0403384135933622.700261845169848-45.989344091662694-46.6621655268503-9.08415003840220527.20124976008925838.45353040758984526.6422870323053338.208410361273113-1.87653681611933
396766,bad,-632.3923867557794,174.3063227133488,46.243783993199386,12.129337530507852,-26.76545253364396,6.3781115007264715,-28.183904168826956,-12.707315337671034,2.595646065764569,-6.560670155720098,4.001163963290316,-19.76653655469629,-17.907800962692374bad-632.3923867557794174.306322713348846.24378399319938612.129337530507852-26.765452533643966.3781115007264715-28.183904168826956-12.7073153376710342.595646065764569-6.5606701557200984.001163963290316-19.76653655469629
401315,good,-819.0886193763383,148.48609113171608,14.352799416504727,27.004548645449354,-3.2019436529011864,10.109236077536421,-5.386535293774024,5.983383029788586,-0.19905420815649946,-0.3642665344412904,-0.9735357712869942,-1.5093782784834056,-2.317083264587899good-819.0886193763383148.4860911317160814.35279941650472727.004548645449354-3.201943652901186410.109236077536421-5.3865352937740245.983383029788586-0.19905420815649946-0.3642665344412904-0.9735357712869942-1.5093782784834056
411566,good,-780.2962419389595,156.94542283349872,3.6925626720986107,47.44438871741939,0.6879090399868469,13.110003958236664,17.131262804049655,18.536468697070557,30.359156957947825,9.935105994990288,4.197542225111906,-6.164028466420356,1.168996534383639good-780.2962419389595156.945422833498723.692562672098610747.444388717419390.687909039986846913.11000395823666417.13126280404965518.53646869707055730.3591569579478259.9351059949902884.197542225111906-6.164028466420356
401764,bad,-723.2096254640827,42.82673353120958,60.750531938386814,75.69182048066513,40.62009808001809,22.63947719763729,11.404995173300888,9.403371401351471,3.8880538672246976,0.2770575065093156,4.929547333114029,3.155811554330371,0.9483843876490571bad-723.209625464082742.8267335312095860.75053193838681475.6918204806651340.6200980800180922.6394771976372911.4049951733008889.4033714013514713.88805386722469760.27705750650931564.9295473331140293.155811554330371
411801,bad,-775.159442548871,238.51057628149897,28.02365573258321,6.922819327641094,-4.914839141128398,-12.237048525836547,-10.128073568577427,-3.7171900486584777,-5.530176873067563,-7.704382058566961,-6.157805143327237,-4.372525356032329,-4.819728485453489bad-775.159442548871238.5105762814989728.023655732583216.922819327641094-4.914839141128398-12.237048525836547-10.128073568577427-3.7171900486584777-5.530176873067563-7.704382058566961-6.157805143327237-4.372525356032329
404136,bad,-1031.075594692838,134.91482072564762,94.6759713350708,54.503369149959,33.676741819279535,34.956235434248484,45.95448514792747,51.31550353276428,44.53636507917847,30.34600254491824,17.748237240091488,11.396446001104968,8.836257297978888bad-1031.075594692838134.9148207256476294.675971335070854.50336914995933.67674181927953534.95623543424848445.9544851479274751.3155035327642844.5363650791784730.3460025449182417.74823724009148811.396446001104968
403901,bad,-1133.5172985291072,6.928360433728668,6.911691842657022,6.884244551021818,6.845620605587273,6.796383049531714,6.736349033421397,6.665860573287787,6.585047789233609,6.494123057023935,6.393230077030153,6.282635007341327,6.162499746943912bad-1133.51729852910726.9283604337286686.9116918426570226.8842445510218186.8456206055872736.7963830495317146.7363490334213976.6658605732877876.5850477892336096.4941230570239356.3932300770301536.282635007341327
399133,bad,-831.2937717308014,55.94939048180544,-26.814030403149065,1.7466766193965881,-20.822868235674257,-2.2234191895763655,-28.168900601365568,-25.013868476277192,-10.915316655106336,-1.1723657479319947,-12.819018628959048,-4.344145445584648,-6.487973540243748bad-831.293771730801455.94939048180544-26.8140304031490651.7466766193965881-20.822868235674257-2.2234191895763655-28.168900601365568-25.013868476277192-10.915316655106336-1.1723657479319947-12.819018628959048-4.344145445584648
